4294967278,260
4294967278,0
4294967278,346
4294967279,564
4294967278,352
4294967279,547
112,5
4294967279,546
4294967294,120
4294967294,186
4294967278,308
4294967279,304
4294967278,307
4294967279,545
4294967278,177
4294967279,177
4294967278,176
4294967279,176
112,421
112,420
112,418
112,417
112,416
112,415
112,414
112,413
112,412
112,411
112,409
112,408
112,407
112,406
112,405
112,0
112,361
112,360
112,384
112,358
112,357
112,356
112,355
112,354
112,353
112,352
112,351
112,349
112,348
112,347
112,346
112,345
112,343
112,342
112,341
112,340
112,339
112,338
112,337
112,336
112,335
112,333
112,331
112,330
112,329
112,328
112,327
112,326
112,325
112,324
112,322
112,321
112,319
112,318
112,317
112,316
112,315
112,314
112,313
112,312
112,310
112,309
112,308
112,307
112,306
112,320
112,304
112,303
112,302
112,301
112,300
112,299
112,298
112,297
112,296
112,295
112,294
112,292
112,291
112,289
112,288
112,287
112,286
112,285
112,284
112,283
112,282
112,281
112,280
112,279
112,277
112,276
112,275
112,274
112,273
112,272
112,271
112,269
112,268
112,267
112,265
112,264
112,263
112,262
112,261
112,260
112,259
112,258
112,257
112,255
112,253
112,252
112,250
112,249
112,248
112,247
112,246
112,245
112,244
112,242
112,241
112,240
112,239
112,237
112,236
112,235
112,234
112,233
112,232
112,231
112,230
112,256
112,228
112,8
4294967294,89
4294967278,172
4294967278,175
4294967279,175
4294967278,173
112,3
112,2
112,1
4294967278,327
4294967279,173
4294967278,304
4294967279,300
4294967279,299
4294967294,2
4294967278,303
4294967279,542
4294967278,302
4294967279,280
4294967278,166
4294967279,166
111,5
111,3
111,2
111,1
4294967279,298
0,7
4294967279,297
4294967278,298
4294967279,520
4294967278,325
4294967279,296
4294967278,393
4294967279,541
4294967278,390
4294967279,156
4294967278,344
4294967279,540
4294967278,378
4294967279,566
4294967278,377
4294967279,394
4294967278,343
4294967279,294
4294967278,376
4294967279,539
4294967278,342
4294967279,293
4294967278,375
4294967279,292
4294967278,341
4294967279,537
4294967278,374
4294967279,565
4294967278,296
4294967279,291
4294967278,295
4294967278,294
4294967279,400
4294967278,293
4294967279,563
4294967278,373
4294967279,290
4294967278,324
4294967279,289
4294967278,372
4294967279,288
4294967278,371
4294967279,384
4294967278,292
4,4
4294967294,68
4294967294,11
4294967294,81
110,228
110,226
110,225
110,224
110,223
110,222
110,221
110,220
110,219
110,218
110,216
110,215
110,214
110,213
110,212
110,211
110,370
110,365
110,358
110,352
110,351
110,350
110,349
110,348
110,347
110,346
110,345
110,344
110,343
110,342
110,341
110,340
110,339
110,338
110,337
110,335
110,336
110,334
110,333
110,332
110,331
110,330
110,329
110,328
110,327
110,326
110,325
110,324
110,323
110,322
110,321
110,318
110,317
110,316
110,315
110,314
110,313
110,312
110,311
110,310
110,309
110,308
110,307
110,306
110,305
110,304
110,303
110,302
110,301
110,300
110,299
110,298
110,297
110,296
110,295
110,294
110,293
110,292
110,291
110,290
110,289
110,288
110,287
110,286
110,285
110,284
110,283
110,282
110,281
110,280
110,279
110,278
110,277
110,276
110,275
110,274
110,273
110,272
110,271
110,270
110,269
110,267
110,266
110,265
110,264
110,263
110,262
110,261
110,260
110,259
110,258
110,257
110,255
110,254
110,253
110,252
110,251
110,250
110,248
110,247
110,246
110,245
110,244
110,242
110,241
110,240
110,238
110,236
110,235
110,234
110,182
110,181
110,172
110,171
110,169
110,167
110,165
110,163
110,162
110,161
110,160
110,158
110,156
110,155
110,154
110,153
110,152
110,150
110,148
110,147
110,146
110,145
110,138
110,136
110,132
110,130
110,127
110,126
110,120
110,118
110,116
110,112
110,102
110,100
110,230
110,90
110,88
110,76
110,69
110,37
110,32
110,33
110,24
110,23
110,19
110,16
110,12
110,420
110,389
110,379
110,268
110,243
110,229
110,210
110,209
110,207
110,203
110,201
110,197
110,195
110,193
110,189
110,186
110,185
110,180
110,178
110,175
110,168
110,164
110,151
110,144
110,141
110,140
110,137
110,134
110,131
110,125
110,123
110,119
110,117
110,114
110,109
110,106
110,104
110,99
110,96
110,92
110,87
110,86
110,84
110,81
110,78
110,77
110,73
110,71
110,67
110,65
110,64
110,36
110,35
110,30
110,29
110,26
110,15
110,13
110,9
110,7
110,205
110,320
110,249
110,239
110,202
110,199
110,198
110,194
110,191
110,187
110,179
110,177
110,173
110,170
110,166
110,157
110,411
110,143
110,133
110,129
110,122
110,115
110,113
110,107
110,105
110,110
110,108
110,95
110,94
110,101
110,98
110,231
110,93
110,91
110,89
110,80
110,79
110,233
110,75
110,74
110,70
110,232
110,38
110,34
110,31
110,28
110,27
110,25
110,82
110,22
110,21
110,20
110,18
110,17
110,402
110,14
110,11
110,448
110,227
110,319
110,237
110,256
110,217
110,208
110,206
110,204
110,200
110,196
110,190
110,188
110,184
110,183
110,176
110,174
110,192
110,159
110,149
110,142
110,139
110,135
110,124
110,121
110,128
110,111
110,103
110,97
110,85
110,83
110,72
110,68
110,66
110,10
110,6
110,4
110,5
109,4
4294967293,131
4294967293,130
4294967293,129
4294967293,128
4294967293,127
4294967293,126
4294967293,125
4294967293,124
4294967293,123
4294967293,122
4294967293,121
4294967293,120
4294967293,119
4294967293,118
4294967293,117
4294967293,116
4294967293,115
4294967293,114
4294967293,113
4294967293,112
4294967293,111
4294967293,110
4294967293,109
4294967293,108
4294967293,107
4294967293,106
4294967293,105
4294967293,104
4294967293,103
4294967293,102
4294967293,101
4294967293,100
4294967293,99
4294967293,98
4294967293,97
4294967293,96
4294967293,95
4294967293,94
4294967293,93
4294967293,92
4294967293,91
4294967293,90
4294967293,89
4294967293,87
4294967293,86
4294967293,85
4294967293,84
4294967293,83
4294967293,82
4294967293,81
4294967293,80
4294967293,79
4294967293,78
4294967293,77
4294967293,76
4294967293,75
4294967293,74
4294967293,73
4294967293,72
4294967293,71
4294967293,70
4294967293,69
4294967293,68
4294967293,67
4294967293,66
4294967293,65
4294967293,64
4294967293,63
4294967293,62
4294967293,61
4294967293,60
4294967293,59
4294967293,58
4294967293,57
4294967293,56
4294967293,55
4294967293,54
4294967293,53
4294967293,52
4294967293,51
4294967293,50
4294967293,49
4294967293,48
4294967293,47
4294967293,46
4294967293,45
4294967293,44
4294967293,43
4294967293,42
4294967293,41
4294967293,40
4294967293,39
4294967293,38
4294967293,37
4294967293,36
4294967293,35
4294967293,34
4294967293,33
4294967293,32
4294967293,31
4294967293,30
4294967293,29
4294967293,28
4294967293,27
4294967293,26
4294967293,25
4294967293,24
4294967293,23
4294967293,22
4294967293,21
4294967293,20
4294967293,19
4294967293,18
4294967293,17
4294967293,16
4294967293,15
4294967293,14
4294967293,13
4294967293,12
4294967293,11
4294967293,10
4294967293,9
4294967293,8
4294967293,7
4294967293,6
4294967293,5
4294967293,4
4294967293,3
4294967278,132
4294967278,131
4294967278,130
4294967278,129
4294967278,128
4294967278,127
4294967278,126
4294967278,125
4294967278,124
4294967278,123
4294967278,122
4294967278,121
4294967278,392
4294967278,120
4294967278,119
4294967278,118
4294967278,117
4294967278,174
4294967278,116
4294967278,115
4294967278,114
4294967278,113
4294967278,112
4294967278,111
4294967278,110
4294967278,109
4294967278,108
4294967278,107
4294967278,106
4294967278,105
4294967278,104
4294967278,103
4294967278,102
4294967278,101
4294967278,100
4294967278,99
4294967278,98
4294967278,97
4294967278,96
4294967278,95
4294967278,94
4294967278,93
4294967278,92
4294967278,91
4294967278,90
4294967278,89
4294967278,87
4294967278,86
4294967278,85
4294967278,84
4294967278,83
4294967278,82
4294967278,81
4294967278,80
4294967278,79
4294967278,78
4294967278,77
4294967278,76
4294967278,75
4294967278,74
4294967278,73
4294967278,72
4294967278,71
4294967278,70
4294967278,69
4294967278,68
4294967278,67
4294967278,66
4294967278,65
4294967278,64
4294967278,63
4294967278,62
4294967278,61
4294967278,60
4294967278,59
4294967278,58
4294967278,57
4294967278,56
4294967278,55
4294967278,54
4294967278,53
4294967278,52
4294967278,51
4294967278,50
4294967278,49
4294967278,48
4294967278,47
4294967278,46
4294967278,45
4294967278,44
4294967278,43
4294967278,42
4294967278,41
4294967278,40
4294967278,39
4294967278,38
4294967278,37
4294967278,36
4294967278,35
4294967278,34
4294967278,33
4294967278,32
4294967278,31
4294967278,30
4294967278,29
4294967278,28
4294967278,27
4294967278,23
4294967278,21
4294967278,20
4294967278,19
4294967278,18
4294967278,17
4294967278,16
4294967278,15
4294967278,14
4294967278,13
4294967278,12
4294967278,11
4294967278,10
4294967278,9
4294967278,8
4294967278,7
4294967278,6
4294967278,5
4294967278,4
4294967279,132
4294967279,131
4294967279,130
4294967279,129
4294967279,128
4294967279,127
4294967279,126
4294967279,125
4294967279,124
4294967279,123
4294967279,122
4294967279,121
4294967279,120
4294967279,119
4294967279,118
4294967279,117
4294967279,116
4294967279,115
4294967279,114
4294967279,113
4294967279,112
4294967279,111
4294967279,110
4294967279,109
4294967279,108
4294967279,107
4294967279,106
4294967279,105
4294967279,104
4294967279,103
4294967279,102
4294967279,101
4294967279,100
4294967279,99
4294967279,98
4294967279,97
4294967279,96
4294967279,95
4294967279,94
4294967279,93
4294967279,92
4294967279,91
4294967279,90
4294967279,89
4294967279,87
4294967279,86
4294967279,85
4294967279,84
4294967279,83
4294967279,82
4294967279,81
4294967279,80
4294967279,79
4294967279,78
4294967279,77
4294967279,76
4294967279,75
4294967279,74
4294967279,73
4294967279,72
4294967279,71
4294967279,70
4294967279,69
4294967279,68
4294967279,67
4294967279,66
4294967279,65
4294967279,64
4294967279,63
4294967279,62
4294967279,61
4294967279,60
4294967279,59
4294967279,58
4294967279,57
4294967279,56
4294967279,55
4294967279,54
4294967279,53
4294967279,52
4294967279,51
4294967279,50
4294967279,49
4294967279,48
4294967279,47
4294967279,46
4294967279,45
4294967279,44
4294967279,43
4294967279,42
4294967279,41
4294967279,40
4294967279,39
4294967279,38
4294967279,37
4294967279,36
4294967279,35
4294967279,34
4294967279,33
4294967279,32
4294967279,31
4294967279,30
4294967279,29
4294967279,28
4294967279,26
4294967279,24
4294967279,22
4294967279,21
4294967279,20
4294967279,19
4294967279,17
4294967279,16
4294967279,15
4294967279,14
4294967279,13
4294967279,12
4294967279,11
4294967279,10
4294967279,9
4294967279,8
4294967279,7
4294967279,6
4294967279,5
4294967279,4
4294967279,27
4294967279,286
4294967278,26
4294967278,340
4294967294,22
4294967294,17
4294967294,76
4294967294,41
4294967278,25
4294967278,137
4294967294,389
4294967294,903
4294967294,185
4294967294,469
4294967294,0
4294967294,902
4294967294,95
4294967294,96
4294967294,93
4294967294,94
4294967279,18
4294967294,67
4294967294,42
4294967294,1
4294967294,1411
4294967294,92
4294967294,91
4294967294,90
4294967294,88
4294967294,87
4294967294,86
4294967294,85
4294967294,84
4294967294,1410
4294967294,83
4294967294,921
4294967294,949
4294967294,29
4294967294,412
4294967294,28
4294967294,920
4294967294,27
4294967294,470
4294967294,25
4294967294,946
4294967294,26
4294967294,53
4294967294,416
4294967294,51
4294967294,52
4294967294,435
4294967294,45
4294967294,426
4294967294,44
4294967294,423
4294967294,43
4294967294,103
4294967294,102
4294967294,101
4294967294,100
4294967294,98
4294967294,97
4294967294,99
4294967294,969
4294967294,82
0,5
4294967279,25
4294967279,535
4294967278,24
4294967278,291
4294967294,5
4294967279,23
4294967279,386
4294967294,7
4294967278,22
4294967278,339
4294967294,6
4294967279,133
4294967278,133
4294967279,271
4294967278,276
4294967294,9
4294967279,279
4294967294,8
110,421
110,419
110,418
110,417
110,416
110,415
110,414
110,413
110,412
110,410
110,409
110,408
110,407
110,406
110,405
110,404
110,403
110,401
110,0
110,400
110,399
110,398
110,397
110,396
110,395
110,394
110,393
110,392
110,391
110,390
110,388
110,387
110,386
110,385
110,383
110,382
110,381
110,380
110,378
110,377
110,376
110,375
110,374
110,373
110,372
110,371
110,369
110,368
110,367
110,366
110,364
110,363
110,362
110,361
110,360
110,384
110,359
110,357
110,356
110,355
110,354
110,353
110,8
4294967279,270
4294967278,289
4294967279,284
110,3
110,2
110,1
4294967279,399
4294967278,288
4294967279,561
4294967278,272
4294967278,283
4294967279,282
4294967278,271
4294967279,398
4294967278,282
109,5
109,3
109,2
109,1
4294967278,389
4294967278,279
4294967279,391
4294967278,337
4294967279,268
4294967278,259
4294967279,388
4294967278,387
4294967279,559
4294967278,368
4294967279,390
4294967278,386
4294967279,528
4294967278,256
4294967279,527
4294967278,397
4294967279,252
4294967278,336
4294967279,575
4294967278,255
4294967279,574
4294967278,367
4294967279,251
4294967278,366
4294967279,319
4294967278,317
4294967279,318
4294967278,252
4294967279,249
4294967278,250
108,421
108,0
4294967279,248
4294967279,315
4294967278,396
4294967279,246
4294967278,245
4294967279,244
4294967278,243
4294967279,242
4294967278,241
4294967279,240
4294967278,239
4294967279,525
4294967278,395
4294967279,238
4294967278,365
4294967279,532
4294967278,235
4294967294,127
4294967294,18
108,228
108,225
108,223
108,220
108,216
108,214
108,211
108,376
108,370
108,368
108,355
108,332
108,311
108,290
108,266
108,238
108,181
108,169
108,163
108,161
108,156
108,154
108,153
108,152
108,150
108,416
108,148
108,147
108,146
108,145
108,138
108,136
108,132
108,130
108,127
108,126
108,120
108,118
108,116
108,115
108,113
108,112
108,107
108,105
108,102
108,100
108,95
108,94
108,383
108,381
108,91
108,90
108,89
108,88
108,80
108,79
108,76
108,75
108,74
108,70
108,69
108,387
108,38
108,37
108,34
108,32
108,31
108,33
108,28
108,27
108,25
108,24
108,23
108,22
108,21
108,20
108,19
108,18
108,17
108,16
108,402
108,14
108,12
108,11
108,226
108,224
108,222
108,221
108,219
108,218
108,215
108,213
108,212
108,380
108,377
108,374
108,372
108,369
108,367
108,359
108,344
108,334
108,323
108,309
108,299
108,278
108,270
108,254
108,251
108,182
108,172
108,171
108,167
108,162
108,165
108,160
108,158
108,155
108,208
108,206
108,205
108,204
108,373
108,366
108,201
108,198
108,195
108,193
108,186
108,184
108,180
108,178
108,173
108,192
108,166
108,164
108,151
108,411
108,143
108,140
108,135
108,129
108,125
108,123
108,121
108,117
108,111
108,109
108,104
108,103
108,97
108,93
108,393
108,92
108,85
108,83
108,81
108,73
108,71
108,67
108,65
108,229
108,35
108,64
108,36
108,26
108,15
108,382
108,13
108,10
108,9
108,448
108,385
108,375
108,371
108,243
108,227
108,217
108,209
108,207
108,200
108,199
108,196
108,194
108,190
108,189
108,187
108,185
108,179
108,176
108,174
108,168
108,157
108,144
108,142
108,141
108,139
108,137
108,131
108,119
108,110
108,108
108,106
108,98
108,96
108,86
108,84
108,78
108,77
108,66
108,386
108,379
108,378
108,256
108,210
108,203
108,202
108,191
108,188
108,183
108,177
108,175
108,170
108,159
108,149
108,134
108,133
108,124
108,122
108,128
108,114
108,101
108,99
108,87
108,82
108,72
108,68
108,30
108,29
108,7
108,6
108,4
4294967278,231
4294967279,234
4294967278,233
108,5
108,197
4294967294,393
4294967294,392
4294967294,46
4294967294,388
4294967294,115
4294967279,230
4294967278,229
4294967279,226
4294967278,225
4294967279,223
4294967278,222
4294967279,221
4294967278,220
4294967279,215
108,420
108,419
108,418
108,417
108,415
108,414
108,413
108,412
108,410
108,409
108,408
108,407
108,406
108,405
108,404
108,403
108,401
108,400
108,399
108,398
108,397
108,396
108,395
108,394
108,392
108,391
108,390
108,389
108,388
108,365
108,364
108,363
108,362
108,361
108,360
108,384
108,358
108,357
108,356
108,354
108,353
108,352
108,351
108,350
108,349
108,348
108,347
108,346
108,345
108,343
108,342
108,341
108,340
108,339
108,338
108,337
108,336
108,335
108,333
108,331
108,330
108,329
108,328
108,327
108,326
108,325
108,324
108,322
108,321
108,319
108,318
108,317
108,316
108,315
108,314
108,313
108,312
108,310
108,308
108,307
108,306
108,320
108,305
108,304
108,303
108,302
108,301
108,300
108,298
108,297
108,296
108,295
108,294
108,293
108,292
108,291
108,289
108,288
108,287
108,286
108,285
108,284
108,283
108,282
108,281
108,280
108,279
108,277
108,276
108,275
108,274
108,273
108,272
108,271
108,269
108,268
108,267
108,265
108,264
108,263
108,262
108,261
108,260
108,259
108,258
108,257
108,255
108,253
108,252
108,250
108,249
108,248
108,247
108,246
108,245
108,244
108,242
108,241
108,240
108,239
108,237
108,236
108,235
108,234
108,233
108,232
108,231
108,230
108,8
4294967279,219
108,3
108,2
108,1
4294967279,396
4294967279,214
4294967278,388
4294967278,364
4294967279,557
4294967278,316
4294967279,556
4294967278,391
107,5
4294967278,206
107,3
107,2
107,1
4294967278,362
4294967278,314
4294967279,311
4294967278,360
4294967279,395
4294967278,313
4294967279,389
4294967278,359
4294967279,555
4294967278,384
4294967279,571
4294967278,383
4294967279,570
4294967278,382
4294967279,569
4294967278,381
4294967279,554
4294967278,312
4294967279,309
4294967278,380
4294967279,523
4294967278,328
4294967279,553
4294967278,358
4294967279,552
4294967278,191
4294967279,191
106,420
4294967278,190
4294967279,190
4294967278,189
106,419
4294967279,189
106,418
4294967278,188
4294967279,188
4294967278,187
4294967279,187
106,417
4294967278,186
4294967279,186
4294967278,185
4294967279,185
106,416
106,415
4294967278,184
106,414
4294967279,184
4294967278,183
106,413
4294967278,182
4294967279,182
4294967278,181
4294967279,181
106,412
4294967278,180
4294967279,180
4294967278,179
106,411
4294967279,179
4294967278,178
106,410
106,409
106,408
106,407
106,406
106,405
106,404
106,0
4294967278,301
4294967279,567
4294967278,379
4294967279,387
4294967278,394
4294967278,326
4294967279,521
4294967278,299
106,400
106,396
106,383
106,381
106,380
106,377
106,376
106,374
106,372
106,370
106,361
106,356
106,348
106,340
106,336
106,325
106,316
106,310
106,301
106,298
106,288
106,286
106,277
106,269
106,259
106,258
106,252
106,250
106,248
106,247
106,246
106,245
106,244
106,242
106,241
106,240
106,238
106,236
106,235
106,234
106,232
106,231
106,230
106,228
106,226
106,225
106,224
106,223
106,222
106,221
106,220
106,219
106,218
106,216
106,215
106,214
106,213
106,212
106,211
106,182
106,181
106,172
106,171
106,169
106,167
106,165
106,163
106,162
106,161
106,160
106,158
106,156
106,155
106,154
106,153
